int blocks[7][4][4][4] =
{
    // ㄴ
    0,0,0,0,0,1,0,0,0,1,1,1,0,0,0,0,    0,0,0,0,0,1,1,0,0,1,0,0,0,1,0,0,    0,0,0,0,1,1,1,0,0,0,1,0,0,0,0,0,    0,0,1,0,0,0,1,0,0,1,1,0,0,0,0,0,
    // ㄴ opposite
    0,0,0,0,0,0,1,0,1,1,1,0,0,0,0,0,    0,1,0,0,0,1,0,0,0,1,1,0,0,0,0,0,    0,0,0,0,0,1,1,1,0,1,0,0,0,0,0,0,    0,0,0,0,0,1,1,0,0,0,1,0,0,0,1,0,
    // ㅁ
    1,1,0,0,1,1,0,0,0,0,0,0,0,0,0,0,    1,1,0,0,1,1,0,0,0,0,0,0,0,0,0,0,    1,1,0,0,1,1,0,0,0,0,0,0,0,0,0,0,    1,1,0,0,1,1,0,0,0,0,0,0,0,0,0,0,
    // ㅡ
    0,0,0,0,1,1,1,1,0,0,0,0,0,0,0,0,    0,1,0,0,0,1,0,0,0,1,0,0,0,1,0,0,    0,0,0,0,1,1,1,1,0,0,0,0,0,0,0,0,    0,0,1,0,0,0,1,0,0,0,1,0,0,0,1,0,
    // ㅗ
    0,0,0,0,0,1,0,0,1,1,1,0,0,0,0,0,    0,0,0,0,0,1,0,0,0,1,1,0,0,1,0,0,    0,0,0,0,0,0,0,0,1,1,1,0,0,1,0,0,    0,0,0,0,0,1,0,0,1,1,0,0,0,1,0,0,
    // ㄱㄴ
    0,0,0,0,1,1,0,0,0,1,1,0,0,0,0,0,    0,1,0,0,1,1,0,0,1,0,0,0,0,0,0,0,    0,0,0,0,1,1,0,0,0,1,1,0,0,0,0,0,    0,1,0,0,1,1,0,0,1,0,0,0,0,0,0,0,
    // ㄱㄴ opposite
    0,0,0,0,0,1,1,0,1,1,0,0,0,0,0,0,    0,1,0,0,0,1,1,0,0,0,1,0,0,0,0,0,    0,0,0,0,0,1,1,0,1,1,0,0,0,0,0,0,    0,1,0,0,0,1,1,0,0,0,1,0,0,0,0,0
};
